          40
     1    4.998400
     2    5.220500
     3    5.296000
     4    5.488400
     5    5.863200
     6    5.936800
     7    6.241200
     8    6.429000
     9    6.431500
    10    6.585200
    11    6.691200
    12    6.736900
    13    6.810400
    14    6.963700
    15    7.071800
    16    7.162900
    17    7.221800
    18    7.312600
    19    7.333900
    20    7.396700
    21    7.446000
    22    7.484900
    23    7.564500
    24    7.579600
    25    7.591400
    26    7.685300
    27    7.686300
    28    7.695800
    29    7.844800
    30    7.892000
    31    7.913000
    32    7.937700
    33    8.015200
    34    8.136800
    35    8.188700
    36    8.197500
    37    8.211400
    38    8.217300
    39    8.242100
    40    8.266500
     0     0   5.266078E-01  -3.939612E+00  -1.607734E+00
     0     1   2.517155E-01   4.283881E-01  -3.553494E-01
     0     2  -3.799257E-01  -1.718289E-01   8.799876E-02
     0     3  -2.473654E-01  -1.093668E-01  -4.849399E-02
     0     4  -8.450883E-02   8.029917E-02  -1.650521E-01
     0     5  -3.943908E-01  -1.622742E-02  -8.896679E-02
     0     6  -7.678732E-01  -8.093324E-01   5.145027E-01
     0     7   2.829919E-02   1.412923E-01   3.263041E-03
     0     8  -3.456649E-01   4.443327E-02  -5.065963E-01
     0     9  -1.691252E-01  -2.218631E-01   9.493191E-02
     0    10   1.954319E-02  -1.270329E-01   1.497574E-01
     0    11   1.266694E+00   1.208794E+00  -8.138627E-01
     0    12   1.342648E+00  -1.231989E-01   1.540793E+00
     0    13  -2.531460E-02  -1.789182E-02  -5.091550E-02
     0    14  -4.078411E-01  -4.153507E-01   5.183828E-01
     0    15  -2.360397E-01   1.712069E-01   5.163506E-01
     0    16   8.317781E-01   5.719842E-01  -8.616491E-01
     0    17   7.980523E-01  -2.323043E-01   8.043845E-01
     0    18  -2.263746E-01   1.435333E-02  -3.092322E-01
     0    19   3.348375E-02  -1.195507E-02   1.028135E-02
     0    20  -1.688834E-01   1.630799E-02   4.521627E-01
     0    21  -9.425092E-04   3.137368E-02  -1.201165E-02
     0    22   6.647744E-03  -8.697061E-02  -5.945034E-02
     0    23   2.260425E-03   2.799688E-03  -8.055540E-03
     0    24   8.863067E-03  -1.014296E-01  -5.042397E-02
     0    25  -2.070786E-01   2.248280E-01  -6.179727E-01
     0    26   9.847520E-02  -5.175280E-02  -4.811980E-01
     0    27   8.522702E-02   1.551024E-01  -3.433219E-01
     0    28   1.015462E-01   2.042358E-01  -1.495469E-01
     0    29  -4.863792E-01   7.137610E-02  -3.802314E-01
     0    30  -5.277535E-03  -2.839106E-02  -4.759911E-02
     0    31   9.500692E-02  -1.397551E-01   2.542096E-01
     0    32  -7.542516E-03  -1.907906E-01  -2.341531E-01
     0    33   1.970241E-01   2.893538E-02   1.116741E-01
     0    34   1.689272E-01  -1.009718E-01   4.224105E-02
     0    35   3.690498E-01   9.033727E-02   4.748982E-02
     0    36   2.477160E-01   1.521815E-02   2.627670E-01
     0    37  -1.208759E-01   4.187162E-02   1.236750E-02
     0    38  -2.846386E-01  -1.096011E-02  -1.020486E-01
     0    39   2.805532E-01  -3.807711E-01   1.391654E-02
     0    40  -1.641821E-01  -1.917600E-01  -3.007401E-01
     1     1   6.419194E+00  -2.714914E+00  -3.413476E+00
     1     2   3.830755E-02   1.357284E-01  -1.991823E-01
     1     3  -2.861761E-01  -5.277218E-02   4.867361E-02
     1     4  -2.473902E-01  -1.641522E-02   5.888361E-02
     1     5  -7.256129E-02  -1.338063E-02   1.234142E-02
     1     6   1.549394E+00  -3.187768E-01  -2.453253E-01
     1     7  -8.946994E-01   7.124986E-01  -3.233846E-01
     1     8  -4.758759E-02  -5.264851E-02   6.023186E-02
     1     9   0.000000E+00   0.000000E+00   0.000000E+00
     1    10   0.000000E+00   0.000000E+00   0.000000E+00
     1    11   5.285285E-02   2.848992E-01   1.128233E-01
     1    12   2.359917E-01   3.960875E-02  -1.086750E-01
     1    13   0.000000E+00   0.000000E+00   0.000000E+00
     1    14   8.794647E-02   3.009910E-03  -6.504542E-02
     1    15  -6.187954E-01  -2.476708E-01   1.917877E-01
     1    16  -8.968126E-01  -4.430088E-01   1.147308E-01
     1    17  -5.329666E-02  -9.704132E-02  -8.607412E-02
     1    18   0.000000E+00   0.000000E+00   0.000000E+00
     1    19   1.010120E-01  -3.440991E-01  -1.984118E-01
     1    20  -3.894928E-01  -9.286391E-03   1.262526E-01
     1    21   0.000000E+00   0.000000E+00   0.000000E+00
     1    22   3.619294E-01  -1.281321E-01  -1.769580E-01
     1    23   0.000000E+00   0.000000E+00   0.000000E+00
     1    24   0.000000E+00   0.000000E+00   0.000000E+00
     1    25   4.923606E-01   4.111556E-01  -7.924753E-02
     1    26  -2.390442E-01  -2.703484E-01   5.861276E-02
     1    27  -4.109475E-01  -3.461175E-01   1.240318E-01
     1    28  -8.889769E-02  -3.844870E-03   5.742417E-02
     1    29   3.679941E-02   2.627221E-02   3.578607E-02
     1    30   0.000000E+00   0.000000E+00   0.000000E+00
     1    31   2.941206E-01   3.011619E-01  -9.624382E-02
     1    32  -6.823880E-01  -5.790038E-01   1.982314E-01
     1    33  -7.177129E-03   2.511838E-01   7.468792E-03
     1    34   0.000000E+00   0.000000E+00   0.000000E+00
     1    35   5.707262E-01   2.520482E-01  -1.483299E-01
     1    36   3.644186E-01   1.551684E-01  -1.884287E-02
     1    37   1.393854E-01  -4.790966E-03  -1.264138E-01
     1    38   1.949558E-01   1.018228E-01   9.471202E-02
     1    39   0.000000E+00   0.000000E+00   0.000000E+00
     1    40  -1.949518E-01  -3.134676E-02   2.470896E-02
     2     2   5.118039E+00  -2.415560E+00  -3.083552E+00
     2     3  -7.699049E-03   1.549462E-02   3.236398E-03
     2     4   3.057228E+00   3.036859E-01  -1.020796E+00
     2     5  -1.817358E-02   3.087998E-03   3.824591E-03
     2     6  -1.620088E-02   5.869923E-02  -4.926050E-02
     2     7   6.209828E-01  -2.072935E-01  -2.861166E-01
     2     8  -2.771776E-01   6.323197E-01  -3.978236E-01
     2     9  -9.647694E-02   8.597750E-02  -1.430012E-01
     2    10   1.990433E-02   6.045909E-03  -3.114765E-03
     2    11   1.573608E-02   2.153795E-02  -1.796985E-01
     2    12   1.349389E-01  -6.897549E-01  -2.347809E-01
     2    13  -9.347222E-02  -1.723671E-02   1.589801E-02
     2    14  -1.288785E-01  -2.014880E-01   8.980092E-02
     2    15  -3.608656E-02  -6.477632E-02  -6.854735E-02
     2    16   1.708759E-02  -2.534356E-01  -4.010870E-02
     2    17   6.969741E-01   3.180015E-01  -2.097675E-01
     2    18  -3.089935E-01  -6.141366E-01   6.477949E-02
     2    19  -1.264686E-02   3.960348E-02   6.017195E-02
     2    20  -1.176628E-01   2.327924E-02   5.524336E-03
     2    21   0.000000E+00   0.000000E+00   0.000000E+00
     2    22   2.876420E-03   8.247484E-03  -1.224412E-03
     2    23   5.160921E-02  -2.102261E-01  -1.006939E-01
     2    24   0.000000E+00   0.000000E+00   0.000000E+00
     2    25   2.962430E-01   2.275657E-02   6.746333E-02
     2    26   2.499225E-01  -7.140042E-02  -1.894775E-01
     2    27  -7.815257E-02   6.177393E-02  -2.606400E-02
     2    28   6.179053E-02   5.852463E-03  -2.068679E-02
     2    29   1.133956E-01   5.551740E-02  -1.212134E-01
     2    30  -1.067191E-01  -1.980997E-01   9.686675E-02
     2    31   2.507704E-02  -6.727831E-02   1.752505E-01
     2    32  -1.000486E-01   8.190432E-02  -3.219737E-01
     2    33  -1.083814E-01   4.374099E-02  -8.498848E-02
     2    34   3.644083E-02   7.086560E-02   1.823332E-03
     2    35   1.638446E-01  -2.069120E-01   2.383912E-01
     2    36   1.616909E-01   2.451882E-01   1.302853E-01
     2    37   1.169846E-01  -5.111480E-02   1.125496E-01
     2    38  -2.453505E-02  -1.507766E-01   1.095853E-02
     2    39   0.000000E+00   0.000000E+00   0.000000E+00
     2    40  -8.530310E-02   5.100814E-02  -1.035564E-01
     3     3  -2.769784E+00  -5.139739E+00  -4.474897E+00
     3     4   2.309891E-03   1.047135E-02   7.515222E-04
     3     5  -1.764687E+00   1.911838E-01  -7.315018E-01
     3     6  -4.800514E-02  -8.852368E-03   8.164845E-03
     3     7   5.206285E-02   9.600628E-03  -8.854992E-03
     3     8  -2.297769E-01   3.791511E-01   2.691327E-01
     3     9   6.347284E-01  -1.265810E+00  -9.025217E-01
     3    10   2.967026E-01  -7.372164E-01   4.854626E-03
     3    11   2.125238E-03   1.027000E-03  -2.891145E-04
     3    12  -7.221024E-03  -1.189770E-03   1.244328E-03
     3    13   1.096242E-01  -2.068190E-01  -2.788415E-01
     3    14   0.000000E+00   0.000000E+00   0.000000E+00
     3    15  -1.947178E-01   3.656095E-01   8.332915E-01
     3    16  -3.816275E-02   7.205532E-02   1.447873E-01
     3    17  -2.440743E-04   4.912084E-04   1.025999E-04
     3    18   0.000000E+00   0.000000E+00   0.000000E+00
     3    19   0.000000E+00   0.000000E+00   0.000000E+00
     3    20   2.869673E-01  -1.325211E-02   3.662803E-01
     3    21   1.483573E-01   1.315495E-01  -2.034041E-02
     3    22   0.000000E+00   0.000000E+00   0.000000E+00
     3    23   0.000000E+00   0.000000E+00   0.000000E+00
     3    24  -6.035715E-01  -1.401970E-02  -3.836639E-02
     3    25  -4.941064E-02   1.302072E-01   2.784477E-01
     3    26   1.385505E-01  -4.942040E-02  -1.905492E-01
     3    27   2.045918E-01  -8.430575E-02  -2.957405E-01
     3    28   8.592687E-02  -3.084618E-02  -1.182458E-01
     3    29   1.276705E-01   2.445390E-02   3.910694E-02
     3    30   7.028565E-03  -1.002225E-02  -2.098599E-02
     3    31  -5.457323E-02   1.194544E-03   1.099291E-01
     3    32   1.420818E-01  -1.485402E-02  -2.146944E-02
     3    33   0.000000E+00   0.000000E+00   0.000000E+00
     3    34   0.000000E+00   0.000000E+00   0.000000E+00
     3    35   1.325300E-01  -5.098868E-03  -3.757997E-01
     3    36   6.724607E-02  -9.992220E-04  -1.674616E-01
     3    37   1.333602E-01   3.464339E-02  -1.093496E-01
     3    38   1.202952E-02   1.210506E-02   4.787678E-02
     3    39  -1.580657E-01   3.072490E-01   1.114961E-01
     3    40  -1.266421E-01  -6.117382E-02   1.492848E-01
     4     4   2.929964E+00  -3.275213E+00  -2.280972E+00
     4     5  -5.919496E-03   2.049338E-04   1.154506E-03
     4     6  -6.564207E-02  -1.563281E-01  -1.931076E-01
     4     7   3.110057E-01  -1.561857E-01  -8.606586E-02
     4     8  -9.627415E-01  -8.830230E-02   2.495451E-02
     4     9  -3.324677E-01   1.885020E-01   8.643977E-02
     4    10  -7.672033E-03  -1.035793E-02   2.860530E-04
     4    11   3.098108E-01  -1.708344E-01   2.335917E-02
     4    12   1.156426E+00   7.502299E-01  -5.690818E-01
     4    13   1.740657E-01   3.432445E-02  -2.935198E-02
     4    14   2.564842E-02   2.824334E-01   1.113730E-01
     4    15  -1.985649E-02  -6.481487E-02  -1.109944E-02
     4    16   4.134011E-01   1.610880E-01  -2.834095E-01
     4    17  -2.825047E-01  -4.521596E-01   2.096343E-01
     4    18   3.712544E-01   2.277599E-01  -2.305135E-01
     4    19   3.222325E-02   5.600112E-02   3.454832E-02
     4    20  -5.582477E-02   1.104477E-02   2.621005E-03
     4    21   0.000000E+00   0.000000E+00   0.000000E+00
     4    22   1.537300E-02   5.056638E-02   1.194715E-02
     4    23   1.134783E-01  -2.310163E-01  -3.409232E-02
     4    24   0.000000E+00   0.000000E+00   0.000000E+00
     4    25   1.662940E-01   1.087948E-02   1.701322E-02
     4    26   2.219890E-01  -7.868013E-02  -1.045960E-01
     4    27  -2.156706E-01  -7.436396E-02   3.847140E-02
     4    28  -5.284766E-02  -9.572045E-02  -3.720733E-02
     4    29   1.679077E-03   3.557447E-02  -2.729202E-02
     4    30   2.018358E-01   3.512460E-01  -8.187774E-02
     4    31   1.422740E-02   3.788820E-02   8.730063E-02
     4    32   1.542556E-02   7.170310E-02  -1.443185E-01
     4    33   5.369473E-02  -7.032814E-02   1.742645E-01
     4    34  -6.893539E-02  -1.093836E-01  -1.186876E-03
     4    35   3.248027E-01  -5.029440E-02   1.598791E-01
     4    36  -3.905768E-01  -1.516399E-01   1.415050E-01
     4    37  -4.717457E-02  -3.040700E-02  -1.512974E-02
     4    38   2.629381E-01   1.161546E-02  -7.842970E-02
     4    39   0.000000E+00   0.000000E+00   0.000000E+00
     4    40  -1.579674E-02  -5.120689E-02   7.749036E-02
     5     5  -1.065268E+00  -4.142292E+00  -2.689769E+00
     5     6   9.697071E-02   1.901136E-02  -1.636436E-02
     5     7  -2.327297E-01  -4.216499E-02   3.966890E-02
     5     8  -1.939965E-01  -3.153665E-01  -3.145731E-01
     5     9   7.101197E-01   7.574918E-01   9.932565E-01
     5    10  -3.326735E-01   1.260751E+00   1.174532E+00
     5    11   3.617757E-02   5.931321E-03  -6.237481E-03
     5    12   4.475299E-03   5.581536E-03  -2.193258E-04
     5    13  -1.720547E-02   2.412578E-01   3.559483E-02
     5    14  -3.554252E-02  -7.462487E-03   5.941695E-03
     5    15  -3.456899E-02   9.543166E-02   2.087673E-01
     5    16  -5.322027E-02   1.145119E-02   4.425552E-02
     5    17  -3.129924E-02  -6.860628E-03   5.199410E-03
     5    18  -8.007061E-04   1.611450E-03   3.365875E-04
     5    19  -1.312034E-01  -2.419451E-02   2.231543E-02
     5    20   7.276190E-02  -3.360136E-03   9.287208E-02
     5    21  -1.813817E-01   8.872833E-02  -3.795434E-01
     5    22  -1.874897E-02  -3.457395E-03   3.188875E-03
     5    23  -4.054284E-03   8.159394E-03   1.704272E-03
     5    24   4.459886E-01  -1.319892E+00  -7.772887E-02
     5    25   1.668612E-01  -3.605264E-01  -2.053388E-01
     5    26   3.446225E-02  -1.118666E-02  -4.803389E-02
     5    27   1.062286E-02   3.744689E-02   4.818545E-02
     5    28   2.178716E-02  -7.821193E-03  -2.998177E-02
     5    29  -6.994133E-02   2.276750E-01   5.318710E-01
     5    30  -1.388420E-02   1.956983E-02   4.245315E-02
     5    31  -9.254766E-02  -5.240308E-03  -7.442615E-02
     5    32   9.188419E-02  -1.706621E-01  -4.111800E-01
     5    33   0.000000E+00   0.000000E+00   0.000000E+00
     5    34   5.742829E-02  -2.800124E-02  -1.713836E-02
     5    35   7.344439E-02  -2.823642E-02  -1.017305E-01
     5    36   2.391241E-02   2.441745E-03  -2.720770E-02
     5    37  -6.156128E-02   3.216828E-02  -5.879845E-02
     5    38  -4.273300E-02   1.518952E-03  -4.257048E-02
     5    39  -1.862321E-01  -1.046547E-01   1.935190E-02
     5    40  -5.827174E-02   4.598774E-02   1.505527E-01
     6     6   2.206388E+00  -2.945867E+00  -1.881680E+00
     6     7  -2.878397E+00   6.002357E-03   4.504789E-01
     6     8   7.451822E-01  -2.096674E-01  -1.731106E-01
     6     9  -3.190255E-02  -3.033842E-02   2.087792E-02
     6    10   1.218314E-01   2.091117E-02  -2.089857E-02
     6    11  -5.245566E-01  -1.384900E+00   3.507607E-01
     6    12   4.271716E-01   5.541709E-02  -6.738653E-02
     6    13  -3.152830E-03   6.345185E-03   1.325334E-03
     6    14  -5.633432E-01  -5.598185E-02   2.159592E-01
     6    15  -1.036796E-01  -2.763308E-01   1.129256E-01
     6    16   3.323475E-01   1.572186E+00  -2.674627E-01
     6    17  -1.091589E-01   2.783389E-01  -1.804467E-01
     6    18   6.617708E-02  -1.580851E-01   3.166833E-02
     6    19   6.568693E-02  -4.544834E-01  -2.511465E-01
     6    20   0.000000E+00   0.000000E+00   0.000000E+00
     6    21   0.000000E+00   0.000000E+00   0.000000E+00
     6    22   1.828126E-01  -1.817334E-01  -4.384268E-02
     6    23  -9.329973E-03   3.660229E-02   6.512612E-02
     6    24   0.000000E+00   0.000000E+00   0.000000E+00
     6    25  -1.632561E-01  -9.506567E-02   4.010391E-02
     6    26   5.377569E-02  -3.067126E-03  -4.290887E-03
     6    27  -3.365658E-02  -4.795344E-03   2.101447E-03
     6    28  -1.244396E-01   1.713988E-01  -3.454438E-02
     6    29   3.115783E-01   1.814351E-01  -7.653927E-02
     6    30   1.877341E-01   1.866518E-02   2.495406E-02
     6    31   7.351082E-02   1.578640E-01   6.914030E-03
     6    32  -1.166347E-01   2.434616E-02   4.541972E-02
     6    33  -4.416985E-01  -4.630913E-01   1.597763E-01
     6    34  -1.044185E-02   3.091019E-02   4.173612E-03
     6    35   3.481721E-01   1.726523E-01  -7.658042E-02
     6    36  -7.698173E-02  -2.116617E-02  -6.059631E-02
     6    37  -6.279343E-01  -2.604629E-01   1.594834E-01
     6    38  -2.189391E-01  -1.465902E-01   1.448088E-01
     6    39   0.000000E+00   0.000000E+00   0.000000E+00
     6    40   6.802950E-02   9.908299E-02  -3.552591E-02
     7     7   8.652768E+00  -3.648669E+00  -2.643403E+00
     7     8  -2.550633E-02   9.547744E-02  -8.855156E-02
     7     9   1.346688E-01   3.271798E-02  -5.652726E-02
     7    10   1.557327E-01   2.768328E-02  -2.660531E-02
     7    11  -1.520459E+00  -8.487731E-03   1.694040E-02
     7    12  -1.257166E-01   1.011279E-01  -5.582289E-02
     7    13   2.766701E-03   5.118186E-03   5.438525E-05
     7    14   2.677684E-01  -4.806912E-01   2.493655E-01
     7    15  -2.981910E-01   1.874603E-01  -7.353267E-02
     7    16   1.892335E+00  -1.042931E+00  -2.404186E-01
     7    17   7.467361E-01  -5.200799E-01  -9.457784E-02
     7    18   4.402512E-02  -1.051680E-01   2.106775E-02
     7    19   4.437996E-02   9.072265E-01   9.816425E-01
     7    20   0.000000E+00   0.000000E+00   0.000000E+00
     7    21   0.000000E+00   0.000000E+00   0.000000E+00
     7    22   1.023670E-01   4.525569E-01   6.918107E-02
     7    23  -6.206879E-03   2.435012E-02   4.332596E-02
     7    24   0.000000E+00   0.000000E+00   0.000000E+00
     7    25   2.003179E-01   1.166471E-01  -4.920813E-02
     7    26   7.490974E-02   5.769003E-02  -2.175630E-02
     7    27  -1.275100E-01  -7.608997E-02   3.054249E-02
     7    28   1.077631E-01  -3.101158E-01   5.061198E-02
     7    29  -3.895060E-01  -1.870337E-01   1.043159E-01
     7    30   5.241666E-02  -2.978613E-02   3.440469E-02
     7    31   1.187360E-01   4.998999E-02  -3.332407E-02
     7    32   3.258847E-01   1.744088E-01  -8.284473E-02
     7    33  -8.769772E-01   1.490956E-01   7.437125E-02
     7    34   1.901808E-02   7.105621E-02   4.075699E-03
     7    35   9.217767E-02   4.346366E-02  -7.868016E-03
     7    36  -4.426688E-02   6.517445E-02  -1.766090E-02
     7    37  -3.160802E-02  -3.270953E-02  -4.027655E-02
     7    38   1.220788E-01  -4.390495E-02   8.783193E-02
     7    39   0.000000E+00   0.000000E+00   0.000000E+00
     7    40  -4.641748E-02  -2.163620E-02   1.416389E-02
     8     8   8.104215E+00  -3.304567E+00  -2.785740E+00
     8     9   3.982363E+00   5.872511E-01  -1.441519E-02
     8    10  -1.274317E+00  -7.628650E-02   3.597307E-03
     8    11  -3.772080E-01   1.125133E-01   8.397408E-02
     8    12   2.424901E+00  -4.320254E-01  -1.265659E-01
     8    13  -1.578137E-02   2.685960E-02   2.456715E-03
     8    14  -4.359648E-01   2.507042E-01   1.555197E-01
     8    15   1.332762E-02  -1.609147E-02   8.585344E-03
     8    16   5.149168E-01  -2.958630E-01  -1.544561E-01
     8    17  -6.404073E-01   7.015972E-01   7.799639E-02
     8    18   8.894682E-01  -1.294345E+00   1.199886E-01
     8    19   5.430975E-02  -1.808790E-02  -4.811949E-02
     8    20   0.000000E+00   0.000000E+00   0.000000E+00
     8    21   2.583042E-01   2.932920E-01  -5.195187E-02
     8    22   5.871979E-03  -4.088714E-03  -5.060442E-04
     8    23   4.709454E-02   8.486244E-01   8.958305E-01
     8    24  -4.591247E-01  -5.576136E-01  -1.249314E-01
     8    25  -4.862389E-02  -2.841791E-02  -3.539758E-02
     8    26  -2.599540E-02   4.010167E-01   1.026399E-01
     8    27  -1.381324E-02  -1.122709E-01   1.999639E-02
     8    28  -2.743095E-02  -1.561925E-02  -9.853774E-03
     8    29  -4.580242E-02  -1.213018E-02   5.937622E-02
     8    30   4.066182E-01  -8.683591E-01   4.983865E-03
     8    31  -5.710539E-02   1.597763E-02   2.317399E-02
     8    32  -3.405372E-02   3.596425E-02  -4.046066E-02
     8    33   7.263105E-02  -2.931273E-02   5.695445E-02
     8    34  -2.988028E-02  -3.132814E-02   9.603555E-04
     8    35   1.164669E-01  -5.498967E-03   2.086212E-02
     8    36  -4.050018E-01   1.798795E-01   2.804473E-03
     8    37   3.471761E-02  -2.015817E-02  -7.691878E-02
     8    38   2.117653E-01  -1.292065E-01  -9.728230E-02
     8    39   1.244758E-01   7.533049E-02  -1.798444E-02
     8    40   1.563486E-02   2.619876E-02  -4.041634E-02
     9     9  -3.537251E+00  -4.608956E+00  -2.783631E+00
     9    10   3.852883E+00   1.132940E-01   2.618310E-02
     9    11  -1.024252E-01   2.008212E-01   6.521357E-02
     9    12   7.174854E-01  -3.020655E-01  -8.765360E-02
     9    13   2.295077E-01  -8.567095E-02  -1.713009E-02
     9    14  -1.671554E-01  -1.922189E-02   3.066043E-02
     9    15   1.406887E-02   2.594364E-03  -2.392872E-03
     9    16   2.093951E-01  -1.676522E-02  -1.952357E-02
     9    17  -1.864988E-01   1.560694E-01   1.163701E-02
     9    18   2.700189E-01  -3.858457E-01   3.367110E-02
     9    19  -1.639401E-01  -3.023130E-02   2.788337E-02
     9    20   0.000000E+00   0.000000E+00   0.000000E+00
     9    21  -1.063662E+00  -7.690952E-01  -6.807845E-02
     9    22  -2.449705E-02  -4.517369E-03   4.166526E-03
     9    23   1.078746E-02   2.748792E-01   2.760730E-01
     9    24   4.235319E-01   1.682348E+00  -3.946846E-01
     9    25  -2.780191E-02   2.069354E-01   3.352459E-02
     9    26  -8.949994E-03   1.260071E-01   3.376832E-02
     9    27  -1.948198E-03  -3.771084E-02   7.139293E-03
     9    28   0.000000E+00   0.000000E+00   0.000000E+00
     9    29   1.019142E-01  -1.700085E-01  -3.289206E-01
     9    30   1.452287E-01  -3.195808E-01  -1.032942E-01
     9    31   2.324622E-01  -1.134013E-01  -5.644278E-02
     9    32   8.845485E-02   4.680112E-02   1.753543E-01
     9    33   0.000000E+00   0.000000E+00   0.000000E+00
     9    34   0.000000E+00   0.000000E+00   0.000000E+00
     9    35   4.158873E-02  -7.489683E-02  -2.514987E-01
     9    36  -1.164356E-01   5.252954E-02   1.479793E-02
     9    37   9.470175E-02   9.850138E-02   3.652857E-01
     9    38   8.260040E-02   6.814083E-02   2.826772E-01
     9    39  -2.951440E-01   2.045805E-03  -4.668956E-02
     9    40   1.299401E-02  -2.390227E-02  -7.324486E-02
    10    10  -4.050457E+00  -5.069045E+00  -3.091899E+00
    10    11  -5.772838E-02  -1.138727E-02   9.734081E-03
    10    12   1.513949E-02  -6.966033E-03  -3.686600E-03
    10    13   7.030062E-01   3.030953E-01   7.710834E-02
    10    14  -2.525807E-02  -3.407201E-03   4.438422E-03
    10    15   1.016409E-02   1.874305E-03  -1.728736E-03
    10    16  -1.906688E-02  -5.183190E-03   3.053019E-03
    10    17   4.010319E-03  -6.134274E-04  -8.362169E-04
    10    18   2.961440E-04  -5.960006E-04  -1.244881E-04
    10    19  -1.823523E-01  -3.362659E-02   3.101497E-02
    10    20   0.000000E+00   0.000000E+00   0.000000E+00
    10    21   3.077807E-01   1.196692E+00  -4.548333E-01
    10    22  -2.857399E-02  -5.269175E-03   4.859942E-03
    10    23  -5.576422E-03   1.122275E-02   2.344123E-03
    10    24  -1.010494E+00  -3.404028E-02   6.972164E-01
    10    25  -1.894030E-01  -1.028218E-01   4.487190E-02
    10    26  -1.017858E-03   2.048476E-03   4.278702E-04
    10    27   3.057972E-02  -4.360458E-02  -9.130535E-02
    10    28   0.000000E+00   0.000000E+00   0.000000E+00
    10    29  -3.012107E-02  -1.307834E-02  -7.052867E-02
    10    30  -1.684646E-02   2.350124E-02   5.257742E-02
    10    31  -1.696184E-01   1.117694E-01   1.338626E-01
    10    32  -1.317634E-01   9.151728E-02   1.294812E-01
    10    33   0.000000E+00   0.000000E+00   0.000000E+00
    10    34  -7.906590E-02   3.855144E-02   2.359568E-02
    10    35  -3.791315E-02   8.705134E-02   2.374794E-01
    10    36  -9.447244E-03  -3.710553E-03  -2.099992E-02
    10    37  -5.777316E-03  -1.161524E-01  -3.316233E-01
    10    38   1.258997E-02  -9.177521E-02  -2.490168E-01
    10    39   4.138890E-01   1.194621E-01  -1.644098E-01
    10    40   1.201849E-02  -1.609606E-02  -2.887322E-02
    11    11   2.657841E+00  -1.242913E+00  -2.139728E+00
    11    12  -1.419161E-01   2.232045E-01   9.737873E-02
    11    13  -2.293069E-02   1.040557E-02   5.567263E-03
    11    14   1.184879E+00   1.819269E+00  -5.948137E-01
    11    15   3.270387E-01  -4.899442E-03  -1.371197E-01
    11    16  -1.456913E+00  -1.405490E+00   5.728277E-01
    11    17  -6.613909E-01  -6.121506E-02   7.200972E-03
    11    18  -1.223227E-01  -1.378995E-01   8.587105E-02
    11    19  -1.012126E+00   2.010275E-01  -3.714361E-01
    11    20   0.000000E+00   0.000000E+00   0.000000E+00
    11    21  -1.408144E-01  -2.596683E-02   2.395010E-02
    11    22  -1.011951E-01   1.747062E-01  -7.533373E-02
    11    23  -3.994000E-02  -9.085872E-02  -4.633867E-02
    11    24   9.191891E-02   1.695027E-02  -1.563382E-02
    11    25   1.427785E-02  -2.118851E-03  -5.934693E-03
    11    26   1.376540E-02   1.105228E-01  -2.511584E-02
    11    27   2.846544E-02   1.488155E-01  -3.805400E-02
    11    28  -2.418782E-01  -4.965361E-01   1.233018E-02
    11    29  -1.245694E-03  -3.439093E-03   5.131480E-03
    11    30   6.864275E-02   4.185629E-02   1.327355E-01
    11    31  -4.925413E-02  -6.283811E-02   3.109966E-03
    11    32  -4.040648E-02  -5.756710E-02  -3.050052E-04
    11    33   2.376120E-01  -2.201923E-02  -8.337912E-02
    11    34  -2.050849E-02   6.070969E-02   8.197255E-03
    11    35  -1.191952E-01  -7.120620E-02   6.336386E-02
    11    36  -1.020716E-01   1.939540E-01  -2.070247E-01
    11    37   3.082223E-01   5.532301E-02  -1.734934E-03
    11    38  -3.267658E-02   1.352922E-01   1.641113E-02
    11    39   0.000000E+00   0.000000E+00   0.000000E+00
    11    40  -1.784684E-02  -1.747384E-02   1.707375E-03
    12    12   2.827806E+00  -2.064342E+00  -2.012004E+00
    12    13  -1.741239E-01  -3.472692E-02   2.931725E-02
    12    14  -3.296711E-01  -1.533847E-01   1.396403E-02
    12    15   1.550936E-02   1.938019E-02  -1.028577E-02
    12    16   1.054020E+00   6.080666E-01  -3.639587E-01
    12    17  -1.831855E+00  -2.079782E+00   5.503319E-01
    12    18   1.104486E+00  -6.841528E-02  -4.781846E-01
    12    19  -3.461227E-02  -5.756040E-02  -4.700289E-02
    12    20   0.000000E+00   0.000000E+00   0.000000E+00
    12    21   2.204536E-03  -4.436709E-03  -9.267060E-04
    12    22  -1.619265E-02  -5.317495E-02  -1.233477E-02
    12    23   8.545318E-01   7.350289E-02   4.215848E-01
    12    24  -2.024454E-03   4.074289E-03   8.510064E-04
    12    25  -2.834274E-02  -1.487568E-02   7.507595E-03
    12    26   9.386209E-02  -2.309350E-02   9.925710E-02
    12    27  -9.205143E-02  -9.375958E-02   3.930104E-02
    12    28   6.229232E-02   8.924194E-02   2.016967E-02
    12    29   5.028506E-02   3.280378E-02  -1.583313E-02
    12    30   5.427416E-01   4.519132E-01  -3.174424E-01
    12    31  -3.233862E-02   3.356031E-02   1.564146E-02
    12    32  -3.838652E-02  -6.179987E-03   3.577103E-02
    12    33  -4.802173E-02   6.997671E-02  -1.750800E-01
    12    34   6.382393E-02   1.241169E-01   3.193456E-03
    12    35   2.053024E-01  -4.534396E-02   2.696110E-02
    12    36  -5.579305E-01  -4.495768E-02   1.439234E-01
    12    37  -4.122048E-02  -5.441183E-02  -5.035431E-02
    12    38   2.729859E-01   7.722728E-02  -9.468775E-02
    12    39   0.000000E+00   0.000000E+00   0.000000E+00
    12    40   4.036663E-02  -6.056881E-02   9.037516E-02
    13    13  -1.009902E+01  -6.296348E+00  -2.528577E+00
    13    14   2.535291E-03  -5.102367E-03  -1.065744E-03
    13    15   0.000000E+00   0.000000E+00   0.000000E+00
    13    16  -3.380048E-03   6.802470E-03   1.420848E-03
    13    17  -7.497030E-02  -1.382487E-02   1.275115E-02
    13    18   0.000000E+00   0.000000E+00   0.000000E+00
    13    19   0.000000E+00   0.000000E+00   0.000000E+00
    13    20   0.000000E+00   0.000000E+00   0.000000E+00
    13    21  -2.219486E-01  -1.717288E-01  -1.049120E-01
    13    22   0.000000E+00   0.000000E+00   0.000000E+00
    13    23   0.000000E+00   0.000000E+00   0.000000E+00
    13    24  -4.814502E-02  -9.325949E-02   1.701782E-01
    13    25  -4.042995E-02  -2.313609E-03   7.927219E-02
    13    26   0.000000E+00   0.000000E+00   0.000000E+00
    13    27   1.361852E-02  -1.941908E-02  -4.066238E-02
    13    28   0.000000E+00   0.000000E+00   0.000000E+00
    13    29   1.482481E-02  -4.609135E-02  -1.157262E-01
    13    30   0.000000E+00   0.000000E+00   0.000000E+00
    13    31  -1.478668E-02   2.108479E-02   4.415028E-02
    13    32  -3.460051E-02   4.933796E-02   1.033107E-01
    13    33   0.000000E+00   0.000000E+00   0.000000E+00
    13    34   3.521686E-01  -1.717125E-01  -1.050979E-01
    13    35  -1.465124E-02   2.089167E-02   4.374588E-02
    13    36   4.207911E-02   1.652723E-02   9.353606E-02
    13    37   1.780815E-02  -2.539320E-02  -5.317183E-02
    13    38   1.129616E-02  -1.610754E-02  -3.372822E-02
    13    39   7.051655E-02   1.996371E-01  -7.279838E-02
    13    40   7.317601E-03  -1.502781E-02  -2.742798E-02
    14    14   4.173182E+00   2.033922E+00  -2.546339E+00
    14    15  -6.698650E-01  -3.471352E-01   3.432638E-01
    14    16   6.828480E-01   7.985493E-01  -1.062180E-01
    14    17   9.383753E-01   4.599791E-01  -4.933947E-01
    14    18  -7.698185E-02   1.686652E-01  -1.048997E-01
    14    19   1.249140E+00   3.090530E-01  -3.017329E-01
    14    20   0.000000E+00   0.000000E+00   0.000000E+00
    14    21  -2.539033E-01  -4.682093E-02   4.318456E-02
    14    22  -7.639688E-02  -3.285387E-01   2.588982E-01
    14    23   7.090233E-04  -1.755812E-02  -7.507556E-02
    14    24  -9.271782E-02  -1.709759E-02   1.576970E-02
    14    25  -2.965406E-02  -5.468345E-03   5.043644E-03
    14    26   6.324904E-03  -8.384598E-03   8.347389E-02
    14    27   2.149508E-02   3.252040E-02   4.081510E-03
    14    28  -6.743287E-02  -9.992132E-03  -2.811692E-01
    14    29   0.000000E+00   0.000000E+00   0.000000E+00
    14    30  -8.421703E-02   3.160952E-02  -4.839797E-02
    14    31   0.000000E+00   0.000000E+00   0.000000E+00
    14    32   0.000000E+00   0.000000E+00   0.000000E+00
    14    33  -2.918433E-02   6.995468E-02  -1.771508E-01
    14    34   8.396625E-03  -2.485587E-02  -3.356135E-03
    14    35  -1.968308E-02   3.254666E-03  -1.089038E-02
    14    36   1.631201E-02  -4.273320E-02   9.483443E-02
    14    37   6.632412E-02  -2.235245E-02   1.912515E-02
    14    38  -1.681627E-01   2.676493E-02   6.118209E-02
    14    39   0.000000E+00   0.000000E+00   0.000000E+00
    14    40   0.000000E+00   0.000000E+00   0.000000E+00
    15    15  -1.515494E+00  -2.802139E+00  -1.458288E+00
    15    16  -9.157247E-01  -6.900104E-01   1.001120E-01
    15    17  -3.632940E-01  -8.092371E-02   1.675064E-01
    15    18   7.040145E-03  -1.230608E-02   2.352988E-02
    15    19  -6.868161E-01   1.260119E-02  -2.465495E-03
    15    20  -1.534507E+00   6.358291E-01   1.166670E+00
    15    21   1.755787E-02   3.237751E-03  -2.986290E-03
    15    22   1.186565E-02   1.679077E-01  -9.541492E-02
    15    23   2.796800E-03  -4.888769E-03   9.347588E-03
    15    24   5.784925E-02   1.066767E-02  -9.839158E-03
    15    25  -1.423432E+00   1.040697E+00  -3.628737E-01
    15    26   2.128514E-01   3.214647E-03  -6.256444E-01
    15    27   2.728560E-01  -7.462731E-02  -8.964275E-01
    15    28   5.392676E-02  -2.286468E-01  -2.928838E-01
    15    29  -1.936711E+00   6.467549E-01  -2.908728E-01
    15    30  -2.315277E-01   4.552307E-02   4.145334E-02
    15    31  -1.184436E+00   5.535450E-01   6.411866E-01
    15    32   1.332212E+00  -1.433463E+00  -6.767450E-01
    15    33  -1.934943E-02  -6.641511E-02   4.564872E-02
    15    34  -1.077595E-01  -1.192197E-01   1.363918E-01
    15    35   5.911721E-01   9.645257E-01   3.353532E-01
    15    36   3.770870E-01   5.366256E-01   7.813361E-02
    15    37   1.091076E+00   6.604716E-01   1.805220E-03
    15    38   3.421130E-01   5.056099E-02  -1.574199E-01
    15    39   0.000000E+00   0.000000E+00   0.000000E+00
    15    40  -1.051354E+00  -5.913794E-01  -3.641962E-01
    16    16   3.082332E+00  -5.392451E-01  -2.250420E+00
    16    17  -5.709114E-01  -6.228856E-01   3.496725E-01
    16    18  -5.353768E-01  -6.823835E-01   2.116391E-01
    16    19   2.506841E-01   1.913988E-01   2.830207E-01
    16    20  -4.500931E-01   3.060440E-01   3.400591E-01
    16    21   5.076584E-02   2.278952E-03  -9.441246E-03
    16    22  -4.027283E-01  -4.807338E-01   2.811634E-01
    16    23   1.833796E-01  -1.327193E-01   2.118589E-01
    16    24  -2.081332E-01  -3.677819E-02   3.558242E-02
    16    25  -3.146622E-01   2.684986E-01  -6.771749E-02
    16    26  -6.339293E-02  -2.168031E-01  -6.023766E-02
    16    27   2.922823E-02  -2.604462E-02  -1.585849E-01
    16    28   4.385694E-01   7.687157E-01  -2.590753E-01
    16    29  -5.036986E-01   8.709445E-02  -2.768863E-02
    16    30   7.410744E-02   1.581380E-01   5.518284E-02
    16    31  -2.605272E-01   1.048855E-01   1.375066E-01
    16    32   2.402866E-01  -2.996339E-01  -1.496547E-01
    16    33   7.675692E-02   3.614519E-01  -1.573785E-01
    16    34  -3.805928E-02   3.415845E-03   3.847746E-02
    16    35   4.053660E-02   1.117875E-01   9.982703E-02
    16    36   3.524005E-02   8.030756E-02   4.252536E-02
    16    37   1.987184E-01   2.207952E-01  -7.453770E-02
    16    38   2.180986E-01  -2.060492E-01   8.656375E-02
    16    39   0.000000E+00   0.000000E+00   0.000000E+00
    16    40  -2.113033E-01  -1.259417E-01  -5.843295E-02
    17    17   3.643221E+00   9.366243E-01  -2.238404E+00
    17    18   1.376949E+00   1.421379E+00  -6.336110E-01
    17    19   8.978462E-01   1.510523E-02   5.152095E-02
    17    20   0.000000E+00   0.000000E+00   0.000000E+00
    17    21  -3.058981E-02   1.056775E-02   7.049325E-03
    17    22  -1.337965E-02  -2.153637E-01   1.251591E-01
    17    23  -4.359301E-01   3.419424E-01  -3.901334E-01
    17    24  -7.480895E-02  -1.746257E-02   1.230590E-02
    17    25  -1.650257E-02  -7.363747E-03   4.051419E-04
    17    26  -8.921582E-02  -9.860022E-02   2.247019E-02
    17    27  -8.666747E-02   4.204283E-02  -5.180829E-02
    17    28   1.327295E-01   2.618345E-01  -9.320262E-02
    17    29   6.927969E-04   8.373718E-03   4.465795E-03
    17    30  -7.266234E-02  -3.032922E-01  -5.438006E-02
    17    31  -3.672110E-03   1.050412E-02   1.301164E-03
    17    32   2.791843E-03  -1.285730E-03   2.791371E-03
    17    33  -6.134787E-02   1.228855E-01  -1.285147E-01
    17    34   2.922772E-02   5.683845E-02   1.462421E-03
    17    35   3.121710E-02   7.918667E-02   3.178293E-02
    17    36  -1.794899E-01  -2.627366E-01  -1.680952E-02
    17    37  -5.041145E-02  -1.297193E-02  -2.331712E-02
    17    38   1.049112E-01   3.575463E-02   7.988016E-02
    17    39   0.000000E+00   0.000000E+00   0.000000E+00
    17    40   4.224171E-03  -1.327915E-02   2.363721E-02
    18    18   4.919997E+00   1.807498E+00  -2.691053E+00
    18    19  -7.981661E-04   1.395183E-03  -2.667666E-03
    18    20   0.000000E+00   0.000000E+00   0.000000E+00
    18    21  -4.374406E-03   8.803651E-03   1.838840E-03
    18    22  -2.829813E-03   4.946474E-03  -9.457925E-03
    18    23   2.183674E-01   5.122659E-01  -7.352368E-02
    18    24  -7.458314E-03   1.501013E-02   3.135202E-03
    18    25  -1.493527E-03   3.005777E-03   6.278239E-04
    18    26  -1.630039E-01  -4.866625E-01   1.676408E-01
    18    27  -1.351806E-01   3.300205E-01  -3.755574E-02
    18    28   4.286721E-03  -7.493129E-03   1.432727E-02
    18    29   0.000000E+00   0.000000E+00   0.000000E+00
    18    30   8.772994E-01   8.871779E-01  -7.156297E-01
    18    31   0.000000E+00   0.000000E+00   0.000000E+00
    18    32   0.000000E+00   0.000000E+00   0.000000E+00
    18    33   2.966195E-03  -5.184869E-03   9.913747E-03
    18    34   0.000000E+00   0.000000E+00   0.000000E+00
    18    35   1.757995E-01  -1.030419E-01   5.607463E-03
    18    36  -5.892077E-01   1.448534E-01  -9.274874E-02
    18    37  -1.147143E-03   2.005191E-03  -3.834032E-03
    18    38   3.136832E-01  -1.146303E-01   5.065987E-02
    18    39   1.832575E-03  -3.688123E-03  -7.703471E-04
    18    40   0.000000E+00   0.000000E+00   0.000000E+00
    19    19   9.574266E+00  -1.300335E+00  -3.482852E-01
    19    20   0.000000E+00   0.000000E+00   0.000000E+00
    19    21  -2.493788E-02  -4.598660E-03   4.241503E-03
    19    22   1.582222E+00  -1.982368E-01   7.735794E-02
    19    23  -3.434664E-02   6.003746E-02  -1.147948E-01
    19    24   1.434784E-02   2.645808E-03  -2.440320E-03
    19    25  -1.733961E-02  -3.197504E-03   2.949168E-03
    19    26  -7.296529E-03   9.156577E-03  -1.299888E-02
    19    27  -3.407409E-03  -8.854709E-03  -1.871467E-02
    19    28  -1.969612E-01  -1.767092E-02  -8.609908E-02
    19    29   0.000000E+00   0.000000E+00   0.000000E+00
    19    30   4.804845E-03  -8.398804E-03   1.605896E-02
    19    31   0.000000E+00   0.000000E+00   0.000000E+00
    19    32   0.000000E+00   0.000000E+00   0.000000E+00
    19    33   5.498841E-01  -2.037519E-02   3.516632E-02
    19    34   0.000000E+00   0.000000E+00   0.000000E+00
    19    35   0.000000E+00   0.000000E+00   0.000000E+00
    19    36   5.569673E-02  -3.417277E-02   1.780733E-02
    19    37  -6.585454E-02   4.739165E-02  -1.013282E-03
    19    38   3.946859E-02  -7.594799E-02  -7.295906E-04
    19    39   0.000000E+00   0.000000E+00   0.000000E+00
    19    40   0.000000E+00   0.000000E+00   0.000000E+00
    20    20   4.063004E+00  -5.277919E+00  -3.298704E+00
    20    21   0.000000E+00   0.000000E+00   0.000000E+00
    20    22   0.000000E+00   0.000000E+00   0.000000E+00
    20    23   0.000000E+00   0.000000E+00   0.000000E+00
    20    24   0.000000E+00   0.000000E+00   0.000000E+00
    20    25   9.112801E-01  -8.402412E-01  -3.997768E-02
    20    26   7.278773E-01  -1.110088E+00   1.793581E-01
    20    27   1.007231E+00  -1.395419E+00   2.624517E-01
    20    28   4.467549E-01  -6.713275E-01   1.107645E-01
    20    29   9.014896E-01   4.117987E-01  -1.947153E-01
    20    30   5.592117E-02  -1.150539E-02  -8.854352E-03
    20    31   8.867577E-01  -1.102612E+00  -4.684408E-01
    20    32   7.431137E-01   6.116307E-01   2.268155E-01
    20    33   0.000000E+00   0.000000E+00   0.000000E+00
    20    34   1.624376E-01   1.797128E-01  -2.055981E-01
    20    35   5.844553E-01  -2.571307E-01  -5.187686E-02
    20    36   4.610041E-01  -1.323877E-01  -7.691411E-02
    20    37   9.472328E-01  -3.393460E-01   2.493195E-03
    20    38   4.300026E-01  -1.064732E-01  -5.214758E-02
    20    39   0.000000E+00   0.000000E+00   0.000000E+00
    20    40   1.830638E-01  -2.564664E-01  -1.693884E-01
    21    21  -5.614748E+00   4.349700E-01  -3.984896E+00
    21    22   0.000000E+00   0.000000E+00   0.000000E+00
    21    23  -8.533223E-04   1.717342E-03   3.587054E-04
    21    24   3.195066E-01   6.661685E-01  -8.676179E-02
    21    25  -2.050498E-01   1.508129E-01  -2.056244E-01
    21    26   0.000000E+00   0.000000E+00   0.000000E+00
    21    27   0.000000E+00   0.000000E+00   0.000000E+00
    21    28   0.000000E+00   0.000000E+00   0.000000E+00
    21    29   0.000000E+00   0.000000E+00   0.000000E+00
    21    30  -4.178475E-04   8.409333E-04   1.756478E-04
    21    31   0.000000E+00   0.000000E+00   0.000000E+00
    21    32   0.000000E+00   0.000000E+00   0.000000E+00
    21    33   0.000000E+00   0.000000E+00   0.000000E+00
    21    34   0.000000E+00   0.000000E+00   0.000000E+00
    21    35   0.000000E+00   0.000000E+00   0.000000E+00
    21    36   0.000000E+00   0.000000E+00   0.000000E+00
    21    37   0.000000E+00   0.000000E+00   0.000000E+00
    21    38   0.000000E+00   0.000000E+00   0.000000E+00
    21    39  -1.813782E-01  -2.178569E-01  -3.099409E-01
    21    40   0.000000E+00   0.000000E+00   0.000000E+00
    22    22   1.313542E+00  -2.972741E+00  -1.444466E+00
    22    23  -5.168742E-03   9.034891E-03  -1.727520E-02
    22    24   1.642339E-02   3.028549E-03  -2.793336E-03
    22    25   0.000000E+00   0.000000E+00   0.000000E+00
    22    26   3.998552E-01   5.696891E-01  -1.296365E-01
    22    27   3.980128E-02   5.634715E-01   2.291870E-01
    22    28  -1.311143E+00  -1.564496E+00   6.670035E-02
    22    29   0.000000E+00   0.000000E+00   0.000000E+00
    22    30   1.587057E-03  -2.774154E-03   5.304331E-03
    22    31   0.000000E+00   0.000000E+00   0.000000E+00
    22    32   0.000000E+00   0.000000E+00   0.000000E+00
    22    33  -9.763893E-01  -1.223054E+00   6.523052E-02
    22    34   0.000000E+00   0.000000E+00   0.000000E+00
    22    35  -4.109205E-03   7.182835E-03  -1.373397E-02
    22    36   6.483280E-02  -7.583313E-02  -1.410688E-01
    22    37   2.401695E-01   1.788793E-02   1.959412E-02
    22    38   5.892594E-02  -8.087738E-02  -2.581295E-01
    22    39   1.740229E-01   3.209063E-02  -2.959830E-02
    22    40   0.000000E+00   0.000000E+00   0.000000E+00
    23    23   9.641894E+00  -9.011284E-01  -4.397722E-01
    23    24   1.097146E-04  -2.208047E-04  -4.612000E-05
    23    25  -5.933253E-04   1.194089E-03   2.494122E-04
    23    26   1.772820E+00  -1.834604E-01   1.764505E-02
    23    27  -7.025333E-03  -2.569873E-02  -9.794576E-02
    23    28   0.000000E+00   0.000000E+00   0.000000E+00
    23    29   0.000000E+00   0.000000E+00   0.000000E+00
    23    30  -1.623783E+00   2.690934E-01  -1.964389E-02
    23    31   0.000000E+00   0.000000E+00   0.000000E+00
    23    32   0.000000E+00   0.000000E+00   0.000000E+00
    23    33   0.000000E+00   0.000000E+00   0.000000E+00
    23    34   0.000000E+00   0.000000E+00   0.000000E+00
    23    35  -1.099642E-01  -1.404293E-02  -1.150547E-02
    23    36   3.936853E-01  -3.070475E-03  -1.636955E-03
    23    37   0.000000E+00   0.000000E+00   0.000000E+00
    23    38  -2.035861E-01   8.203891E-03   1.698171E-02
    23    39   0.000000E+00   0.000000E+00   0.000000E+00
    23    40   0.000000E+00   0.000000E+00   0.000000E+00
    24    24  -5.210321E+00  -8.218198E-01  -3.937902E+00
    24    25  -8.947918E-01  -8.903638E-02  -6.744482E-01
    24    26   5.850315E-04  -1.177397E-03  -2.459258E-04
    24    27   0.000000E+00   0.000000E+00   0.000000E+00
    24    28   0.000000E+00   0.000000E+00   0.000000E+00
    24    29   0.000000E+00   0.000000E+00   0.000000E+00
    24    30  -2.025890E-03   4.077177E-03   8.516097E-04
    24    31   0.000000E+00   0.000000E+00   0.000000E+00
    24    32   0.000000E+00   0.000000E+00   0.000000E+00
    24    33   0.000000E+00   0.000000E+00   0.000000E+00
    24    34   0.000000E+00   0.000000E+00   0.000000E+00
    24    35   0.000000E+00   0.000000E+00   0.000000E+00
    24    36   0.000000E+00   0.000000E+00   0.000000E+00
    24    37   0.000000E+00   0.000000E+00   0.000000E+00
    24    38   0.000000E+00   0.000000E+00   0.000000E+00
    24    39   5.547215E-01   1.247139E+00  -3.972872E-01
    24    40   0.000000E+00   0.000000E+00   0.000000E+00
    25    25   8.920288E-01  -3.550833E+00  -1.546693E+00
    25    26   2.651637E-01  -1.173025E-01  -5.865727E-01
    25    27   1.153133E-01   2.728774E-01  -5.695071E-01
    25    28   1.586215E-01  -5.649281E-02  -3.479431E-01
    25    29   3.359048E-01  -1.025296E-01   4.312812E-01
    25    30   7.043185E-02   1.492116E-01   3.466444E-02
    25    31   2.685747E-01  -9.408127E-02  -4.644030E-01
    25    32   2.030378E-01   2.999347E-01   7.215019E-01
    25    33   0.000000E+00   0.000000E+00   0.000000E+00
    25    34   4.106586E-01   7.004562E-02  -1.105402E-01
    25    35   9.136384E-01   4.851924E-01  -7.663795E-01
    25    36   1.404912E-01   2.541589E-01  -2.743783E-01
    25    37  -5.742050E-01   3.406057E-01   3.983092E-02
    25    38  -4.349702E-01   4.202229E-02   9.323139E-02
    25    39   8.926570E-02   2.074241E-01  -9.039147E-02
    25    40  -3.008109E-01  -3.374119E-01  -1.771127E-01
    26    26   1.940322E+00  -2.883102E+00  -1.969976E+00
    26    27  -2.809438E-03  -1.722603E-01  -6.499169E-01
    26    28  -3.401436E-01  -4.417115E-01  -2.542268E-01
    26    29  -8.456259E-01   3.465985E-01   5.291849E-01
    26    30  -1.187963E+00  -9.220374E-01   9.734113E-02
    26    31   8.341027E-01  -8.467713E-03  -3.786633E-01
    26    32  -4.987687E-01  -4.887850E-01   8.256802E-02
    26    33  -5.949838E-01  -1.817422E-01   1.849942E-01
    26    34   0.000000E+00   0.000000E+00   0.000000E+00
    26    35   4.561328E-02  -1.815287E-01  -2.261282E-01
    26    36  -1.061857E+00  -6.867908E-01  -4.747911E-02
    26    37   2.999766E-01  -1.211682E-01  -4.763828E-02
    26    38   2.341593E-01   2.642105E-01  -2.543554E-01
    26    39   6.204215E-02   3.349484E-03  -1.147409E-02
    26    40   7.829998E-01  -1.908686E-01  -3.358300E-01
    27    27   1.285274E+00  -3.314944E+00  -2.231014E+00
    27    28   2.903405E-01  -5.782823E-01  -5.928935E-01
    27    29  -6.288504E-01   1.129259E-01   5.557941E-01
    27    30   6.566826E-01   9.033316E-01   9.862252E-02
    27    31   1.156971E+00   3.359305E-01  -3.756440E-01
    27    32  -5.090738E-01  -4.076884E-01   7.693855E-02
    27    33  -8.202560E-02   3.775509E-02   6.760928E-02
    27    34  -2.110448E-01  -1.972998E-02   3.634785E-02
    27    35  -4.865455E-01   8.398768E-02  -2.294959E-02
    27    36   2.748987E-01   3.629348E-01  -6.572190E-02
    27    37  -1.425009E-01  -3.648051E-01  -1.075734E-01
    27    38  -4.767568E-01  -8.866273E-02   6.243890E-02
    27    39  -2.846039E-03   5.727757E-03   1.196370E-03
    27    40   8.688509E-01  -2.540106E-01  -4.332610E-01
    28    28   2.248451E+00  -1.701721E+00  -1.660785E+00
    28    29  -4.963013E-01   2.096660E-01   3.177136E-01
    28    30  -2.866779E-02   5.011091E-02  -9.581474E-02
    28    31   4.914772E-01   7.190654E-03  -2.218099E-01
    28    32  -2.880642E-01  -3.163257E-01   3.995637E-02
    28    33   1.235616E+00   1.314674E+00  -1.092206E-01
    28    34   0.000000E+00   0.000000E+00   0.000000E+00
    28    35  -1.526950E-01  -9.334771E-02  -5.647703E-02
    28    36   4.911015E-02  -1.787560E-01   1.236594E-01
    28    37  -7.241047E-01   6.956706E-02  -8.053379E-02
    28    38   4.790307E-01  -4.930720E-01   1.886551E-01
    28    39  -1.697141E-01  -3.129606E-02   2.886544E-02
    28    40   4.681103E-01  -1.109357E-01  -2.008548E-01
    29    29   2.419594E+00  -3.138586E+00  -1.012948E+00
    29    30  -1.893190E-01  -2.854484E-01  -5.965043E-02
    29    31  -2.247564E+00  -4.064545E-01   3.013026E-02
    29    32   1.933032E+00  -2.160512E-01  -3.067412E-01
    29    33   0.000000E+00   0.000000E+00   0.000000E+00
    29    34  -3.592927E-01  -6.769353E-03   4.368892E-02
    29    35   3.827056E-02   4.196964E-01  -2.319380E-01
    29    36   4.264257E-01   2.954381E-01  -2.659789E-01
    29    37   1.307695E+00   3.370914E-01  -2.684049E-01
    29    38   9.562758E-01  -2.354964E-02  -1.620999E-01
    29    39   0.000000E+00   0.000000E+00   0.000000E+00
    29    40  -1.300035E+00  -5.473362E-01   2.428215E-01
    30    30   2.824704E+00  -1.287141E+00  -1.792634E+00
    30    31  -2.065586E-01  -3.904041E-01  -1.286982E-01
    30    32  -3.982576E-03  -1.101367E-01  -3.110402E-02
    30    33   4.156524E-03  -7.265547E-03   1.389212E-02
    30    34  -4.184207E-02  -4.947689E-03   1.133501E-02
    30    35  -6.318086E-01  -7.017688E-01   1.283116E-01
    30    36   1.071401E+00   1.431671E+00  -1.794749E-01
    30    37   4.980009E-01   1.642249E-01  -5.396538E-02
    30    38  -1.957704E-01  -8.209180E-01  -1.972547E-02
    30    39  -5.016823E-03   1.009654E-02   2.108888E-03
    30    40   1.189497E-01  -1.125984E-01  -1.705581E-02
    31    31   1.643553E+00  -4.654853E+00  -2.027503E+00
    31    32  -1.606316E+00  -8.890457E-01   2.147010E-01
    31    33   0.000000E+00   0.000000E+00   0.000000E+00
    31    34  -8.471218E-02  -1.569054E-02   4.555893E-02
    31    35  -6.215812E-01  -1.147139E+00   4.784771E-01
    31    36  -1.545650E-01  -1.398751E-01   1.250470E-01
    31    37   1.364701E+00  -5.393015E-01  -3.705516E-01
    31    38   1.082061E+00  -3.393121E-01  -2.514605E-01
    31    39   0.000000E+00   0.000000E+00   0.000000E+00
    31    40   1.370339E+00  -1.614834E+00  -4.689291E-01
    32    32   1.774983E+00  -4.321543E+00  -1.471765E+00
    32    33   0.000000E+00   0.000000E+00   0.000000E+00
    32    34   4.261405E-01   3.711363E-02  -6.253355E-02
    32    35  -1.775941E-01  -2.674765E-01  -2.761637E-01
    32    36  -6.324569E-02   2.191060E-01  -3.152865E-03
    32    37   2.362665E-01  -4.768966E-01  -1.105599E-01
    32    38  -6.819250E-02  -2.204473E-01  -4.120790E-02
    32    39   0.000000E+00   0.000000E+00   0.000000E+00
    32    40  -7.823552E-01  -6.586385E-01  -7.196306E-02
    33    33   2.230939E+00  -1.816103E+00  -1.294529E+00
    33    34   0.000000E+00   0.000000E+00   0.000000E+00
    33    35   8.398685E-03  -1.468079E-02   2.807045E-02
    33    36   1.157330E-01  -1.360902E-01   4.144095E-02
    33    37  -5.707527E-01   5.058145E-02  -6.887531E-02
    33    38  -2.178153E-03  -1.440050E-01   4.085417E-01
    33    39  -1.174336E-01  -2.165530E-02   1.997343E-02
    33    40   0.000000E+00   0.000000E+00   0.000000E+00
    34    34  -1.239499E+00  -5.944884E+00  -1.431132E+00
    34    35   2.418235E-01   2.297321E-02  -4.310666E-02
    34    36   9.093834E-02  -7.673230E-01  -2.123106E-01
    34    37  -3.209142E-01  -3.111413E-02   5.970506E-02
    34    38  -2.006559E-01  -1.939261E-02   3.708463E-02
    34    39   0.000000E+00   0.000000E+00   0.000000E+00
    34    40  -1.630794E-01  -1.524583E-02   2.808685E-02
    35    35   7.982015E-01  -2.093104E+00  -1.638615E+00
    35    36  -5.876437E-01  -3.825989E-01  -5.979423E-02
    35    37   7.692085E-01   3.136921E-01  -3.537967E-01
    35    38   9.854369E-01   3.707889E-01  -2.194001E-01
    35    39   1.713191E-03  -3.447860E-03  -7.201627E-04
    35    40   1.147924E+00  -4.914541E-01  -6.669673E-01
    36    36   3.766569E+00  -1.131854E+00  -1.119215E+00
    36    37  -2.014809E+00   1.081535E-01  -2.463993E-01
    36    38   1.441100E+00  -2.176287E-01   5.934015E-01
    36    39  -4.108240E-03   8.267983E-03   1.726953E-03
    36    40   4.337543E-02   2.451202E-01   1.450256E-01
    37    37   7.144985E-01  -3.450090E+00  -1.212833E-01
    37    38  -4.557625E+00  -6.555253E-01  -2.380113E-01
    37    39   4.541617E-02   8.374949E-03  -7.724505E-03
    37    40  -1.929364E-01  -5.894537E-01   6.037583E-02
    38    38   4.401866E+00  -1.727119E+00  -1.853215E-01
    38    39   2.388704E-03  -4.807355E-03  -1.004124E-03
    38    40  -3.457020E-01  -3.993762E-01  -4.960532E-02
    39    39  -5.296968E+00  -1.615808E+00  -2.595011E+00
    39    40   0.000000E+00   0.000000E+00   0.000000E+00
    40    40   1.586310E+00  -3.281155E+00  -1.981820E+00
